z         (m) x         O2+ x        CO2+ x          O+
+4.000000e+05 +5.16e-01 +7.62e-07 +4.84e-01
+3.990000e+05 +5.16e-01 +7.99e-07 +4.84e-01
+3.980000e+05 +5.16e-01 +8.39e-07 +4.84e-01
+3.970000e+05 +5.17e-01 +8.83e-07 +4.83e-01
+3.960000e+05 +5.17e-01 +9.31e-07 +4.83e-01
+3.950000e+05 +5.17e-01 +9.85e-07 +4.83e-01
+3.940000e+05 +5.17e-01 +1.05e-06 +4.83e-01
+3.930000e+05 +5.17e-01 +1.11e-06 +4.83e-01
+3.920000e+05 +5.17e-01 +1.18e-06 +4.83e-01
+3.910000e+05 +5.17e-01 +1.25e-06 +4.83e-01
+3.900000e+05 +5.17e-01 +1.33e-06 +4.83e-01
+3.890000e+05 +5.17e-01 +1.40e-06 +4.83e-01
+3.880000e+05 +5.17e-01 +1.48e-06 +4.83e-01
+3.870000e+05 +5.18e-01 +1.55e-06 +4.82e-01
+3.860000e+05 +5.18e-01 +1.63e-06 +4.82e-01
+3.850000e+05 +5.18e-01 +1.72e-06 +4.82e-01
+3.840000e+05 +5.18e-01 +1.82e-06 +4.82e-01
+3.830000e+05 +5.18e-01 +1.94e-06 +4.82e-01
+3.820000e+05 +5.18e-01 +2.05e-06 +4.82e-01
+3.810000e+05 +5.18e-01 +2.18e-06 +4.82e-01
+3.800000e+05 +5.18e-01 +2.31e-06 +4.82e-01
+3.790000e+05 +5.18e-01 +2.44e-06 +4.82e-01
+3.780000e+05 +5.18e-01 +2.56e-06 +4.82e-01
+3.770000e+05 +5.18e-01 +2.69e-06 +4.82e-01
+3.760000e+05 +5.19e-01 +2.83e-06 +4.81e-01
+3.750000e+05 +5.19e-01 +2.99e-06 +4.81e-01
+3.740000e+05 +5.19e-01 +3.17e-06 +4.81e-01
+3.730000e+05 +5.19e-01 +3.36e-06 +4.81e-01
+3.720000e+05 +5.20e-01 +3.56e-06 +4.80e-01
+3.710000e+05 +5.20e-01 +3.78e-06 +4.80e-01
+3.700000e+05 +5.20e-01 +4.00e-06 +4.80e-01
+3.690000e+05 +5.20e-01 +4.22e-06 +4.80e-01
+3.680000e+05 +5.20e-01 +4.45e-06 +4.80e-01
+3.670000e+05 +5.20e-01 +4.68e-06 +4.80e-01
+3.660000e+05 +5.20e-01 +4.92e-06 +4.80e-01
+3.650000e+05 +5.20e-01 +5.19e-06 +4.80e-01
+3.640000e+05 +5.20e-01 +5.49e-06 +4.80e-01
+3.630000e+05 +5.21e-01 +5.81e-06 +4.79e-01
+3.620000e+05 +5.21e-01 +6.15e-06 +4.79e-01
+3.610000e+05 +5.21e-01 +6.50e-06 +4.79e-01
+3.600000e+05 +5.21e-01 +6.88e-06 +4.79e-01
+3.590000e+05 +5.21e-01 +7.25e-06 +4.79e-01
+3.580000e+05 +5.22e-01 +7.63e-06 +4.78e-01
+3.570000e+05 +5.22e-01 +8.03e-06 +4.78e-01
+3.560000e+05 +5.23e-01 +8.45e-06 +4.77e-01
+3.550000e+05 +5.23e-01 +8.92e-06 +4.77e-01
+3.540000e+05 +5.24e-01 +9.43e-06 +4.76e-01
+3.530000e+05 +5.24e-01 +9.98e-06 +4.76e-01
+3.520000e+05 +5.25e-01 +1.06e-05 +4.75e-01
+3.510000e+05 +5.25e-01 +1.12e-05 +4.75e-01
+3.500000e+05 +5.26e-01 +1.18e-05 +4.74e-01
+3.490000e+05 +5.26e-01 +1.25e-05 +4.74e-01
+3.480000e+05 +5.26e-01 +1.31e-05 +4.74e-01
+3.470000e+05 +5.27e-01 +1.38e-05 +4.73e-01
+3.460000e+05 +5.27e-01 +1.45e-05 +4.73e-01
+3.450000e+05 +5.27e-01 +1.53e-05 +4.73e-01
+3.440000e+05 +5.27e-01 +1.61e-05 +4.73e-01
+3.430000e+05 +5.28e-01 +1.71e-05 +4.72e-01
+3.420000e+05 +5.28e-01 +1.80e-05 +4.72e-01
+3.410000e+05 +5.29e-01 +1.91e-05 +4.71e-01
+3.400000e+05 +5.29e-01 +2.01e-05 +4.71e-01
+3.390000e+05 +5.30e-01 +2.12e-05 +4.70e-01
+3.380000e+05 +5.30e-01 +2.24e-05 +4.70e-01
+3.370000e+05 +5.31e-01 +2.36e-05 +4.69e-01
+3.360000e+05 +5.32e-01 +2.48e-05 +4.68e-01
+3.350000e+05 +5.32e-01 +2.62e-05 +4.68e-01
+3.340000e+05 +5.33e-01 +2.76e-05 +4.67e-01
+3.330000e+05 +5.34e-01 +2.91e-05 +4.66e-01
+3.320000e+05 +5.35e-01 +3.07e-05 +4.65e-01
+3.310000e+05 +5.36e-01 +3.24e-05 +4.64e-01
+3.300000e+05 +5.37e-01 +3.42e-05 +4.63e-01
+3.290000e+05 +5.38e-01 +3.60e-05 +4.62e-01
+3.280000e+05 +5.39e-01 +3.80e-05 +4.61e-01
+3.270000e+05 +5.40e-01 +4.00e-05 +4.60e-01
+3.260000e+05 +5.41e-01 +4.22e-05 +4.59e-01
+3.250000e+05 +5.42e-01 +4.45e-05 +4.58e-01
+3.240000e+05 +5.43e-01 +4.69e-05 +4.57e-01
+3.230000e+05 +5.44e-01 +4.94e-05 +4.56e-01
+3.220000e+05 +5.45e-01 +5.20e-05 +4.55e-01
+3.210000e+05 +5.46e-01 +5.48e-05 +4.54e-01
+3.200000e+05 +5.47e-01 +5.77e-05 +4.53e-01
+3.190000e+05 +5.48e-01 +6.09e-05 +4.52e-01
+3.180000e+05 +5.49e-01 +6.42e-05 +4.51e-01
+3.170000e+05 +5.50e-01 +6.77e-05 +4.50e-01
+3.160000e+05 +5.51e-01 +7.14e-05 +4.49e-01
+3.150000e+05 +5.52e-01 +7.52e-05 +4.48e-01
+3.140000e+05 +5.53e-01 +7.91e-05 +4.47e-01
+3.130000e+05 +5.53e-01 +8.33e-05 +4.47e-01
+3.120000e+05 +5.54e-01 +8.75e-05 +4.46e-01
+3.110000e+05 +5.54e-01 +9.21e-05 +4.46e-01
+3.100000e+05 +5.55e-01 +9.69e-05 +4.45e-01
+3.090000e+05 +5.57e-01 +1.02e-04 +4.43e-01
+3.080000e+05 +5.58e-01 +1.07e-04 +4.42e-01
+3.070000e+05 +5.60e-01 +1.13e-04 +4.40e-01
+3.060000e+05 +5.61e-01 +1.19e-04 +4.38e-01
+3.050000e+05 +5.63e-01 +1.26e-04 +4.37e-01
+3.040000e+05 +5.64e-01 +1.32e-04 +4.36e-01
+3.030000e+05 +5.65e-01 +1.39e-04 +4.34e-01
+3.020000e+05 +5.67e-01 +1.46e-04 +4.33e-01
+3.010000e+05 +5.68e-01 +1.54e-04 +4.32e-01
+3.000000e+05 +5.70e-01 +1.62e-04 +4.30e-01
+2.990000e+05 +5.73e-01 +1.70e-04 +4.27e-01
+2.980000e+05 +5.76e-01 +1.79e-04 +4.24e-01
+2.970000e+05 +5.79e-01 +1.89e-04 +4.21e-01
+2.960000e+05 +5.82e-01 +1.99e-04 +4.18e-01
+2.950000e+05 +5.85e-01 +2.09e-04 +4.15e-01
+2.940000e+05 +5.87e-01 +2.20e-04 +4.13e-01
+2.930000e+05 +5.89e-01 +2.31e-04 +4.11e-01
+2.920000e+05 +5.91e-01 +2.43e-04 +4.09e-01
+2.910000e+05 +5.93e-01 +2.55e-04 +4.07e-01
+2.900000e+05 +5.96e-01 +2.68e-04 +4.04e-01
+2.890000e+05 +6.00e-01 +2.82e-04 +4.00e-01
+2.880000e+05 +6.04e-01 +2.97e-04 +3.96e-01
+2.870000e+05 +6.07e-01 +3.12e-04 +3.92e-01
+2.860000e+05 +6.11e-01 +3.28e-04 +3.88e-01
+2.850000e+05 +6.15e-01 +3.45e-04 +3.85e-01
+2.840000e+05 +6.18e-01 +3.63e-04 +3.81e-01
+2.830000e+05 +6.21e-01 +3.81e-04 +3.78e-01
+2.820000e+05 +6.24e-01 +4.00e-04 +3.76e-01
+2.810000e+05 +6.27e-01 +4.20e-04 +3.73e-01
+2.800000e+05 +6.30e-01 +4.41e-04 +3.69e-01
+2.790000e+05 +6.35e-01 +4.63e-04 +3.65e-01
+2.780000e+05 +6.40e-01 +4.87e-04 +3.60e-01
+2.770000e+05 +6.45e-01 +5.11e-04 +3.55e-01
+2.760000e+05 +6.50e-01 +5.37e-04 +3.50e-01
+2.750000e+05 +6.54e-01 +5.63e-04 +3.45e-01
+2.740000e+05 +6.58e-01 +5.91e-04 +3.41e-01
+2.730000e+05 +6.62e-01 +6.20e-04 +3.37e-01
+2.720000e+05 +6.65e-01 +6.50e-04 +3.34e-01
+2.710000e+05 +6.69e-01 +6.81e-04 +3.30e-01
+2.700000e+05 +6.73e-01 +7.14e-04 +3.26e-01
+2.690000e+05 +6.78e-01 +7.48e-04 +3.21e-01
+2.680000e+05 +6.84e-01 +7.85e-04 +3.15e-01
+2.670000e+05 +6.90e-01 +8.23e-04 +3.09e-01
+2.660000e+05 +6.96e-01 +8.63e-04 +3.03e-01
+2.650000e+05 +7.01e-01 +9.04e-04 +2.98e-01
+2.640000e+05 +7.06e-01 +9.47e-04 +2.93e-01
+2.630000e+05 +7.11e-01 +9.92e-04 +2.88e-01
+2.620000e+05 +7.15e-01 +1.04e-03 +2.84e-01
+2.610000e+05 +7.19e-01 +1.09e-03 +2.79e-01
+2.600000e+05 +7.24e-01 +1.14e-03 +2.75e-01
+2.590000e+05 +7.30e-01 +1.19e-03 +2.69e-01
+2.580000e+05 +7.36e-01 +1.25e-03 +2.63e-01
+2.570000e+05 +7.42e-01 +1.31e-03 +2.56e-01
+2.560000e+05 +7.49e-01 +1.37e-03 +2.50e-01
+2.550000e+05 +7.55e-01 +1.43e-03 +2.44e-01
+2.540000e+05 +7.61e-01 +1.50e-03 +2.38e-01
+2.530000e+05 +7.66e-01 +1.57e-03 +2.32e-01
+2.520000e+05 +7.72e-01 +1.64e-03 +2.27e-01
+2.510000e+05 +7.77e-01 +1.72e-03 +2.21e-01
+2.500000e+05 +7.83e-01 +1.79e-03 +2.15e-01
+2.490000e+05 +7.89e-01 +1.87e-03 +2.09e-01
+2.480000e+05 +7.95e-01 +1.96e-03 +2.03e-01
+2.470000e+05 +8.01e-01 +2.05e-03 +1.97e-01
+2.460000e+05 +8.08e-01 +2.14e-03 +1.90e-01
+2.450000e+05 +8.14e-01 +2.24e-03 +1.84e-01
+2.440000e+05 +8.20e-01 +2.34e-03 +1.78e-01
+2.430000e+05 +8.26e-01 +2.44e-03 +1.72e-01
+2.420000e+05 +8.31e-01 +2.54e-03 +1.66e-01
+2.410000e+05 +8.37e-01 +2.65e-03 +1.60e-01
+2.400000e+05 +8.43e-01 +2.76e-03 +1.55e-01
+2.390000e+05 +8.48e-01 +2.87e-03 +1.49e-01
+2.380000e+05 +8.54e-01 +3.01e-03 +1.43e-01
+2.370000e+05 +8.60e-01 +3.13e-03 +1.37e-01
+2.360000e+05 +8.65e-01 +3.27e-03 +1.32e-01
+2.350000e+05 +8.70e-01 +3.40e-03 +1.26e-01
+2.340000e+05 +8.76e-01 +3.54e-03 +1.21e-01
+2.330000e+05 +8.81e-01 +3.68e-03 +1.15e-01
+2.320000e+05 +8.86e-01 +3.83e-03 +1.10e-01
+2.310000e+05 +8.91e-01 +3.98e-03 +1.05e-01
+2.300000e+05 +8.96e-01 +4.13e-03 +9.98e-02
+2.290000e+05 +9.01e-01 +4.29e-03 +9.49e-02
+2.280000e+05 +9.05e-01 +4.46e-03 +9.02e-02
+2.270000e+05 +9.10e-01 +4.64e-03 +8.57e-02
+2.260000e+05 +9.14e-01 +4.81e-03 +8.14e-02
+2.250000e+05 +9.18e-01 +5.00e-03 +7.73e-02
+2.240000e+05 +9.21e-01 +5.19e-03 +7.35e-02
+2.230000e+05 +9.25e-01 +5.38e-03 +7.00e-02
+2.220000e+05 +9.28e-01 +5.58e-03 +6.66e-02
+2.210000e+05 +9.31e-01 +5.79e-03 +6.33e-02
+2.200000e+05 +9.34e-01 +5.99e-03 +6.01e-02
+2.190000e+05 +9.37e-01 +6.21e-03 +5.70e-02
+2.180000e+05 +9.39e-01 +6.43e-03 +5.41e-02
+2.170000e+05 +9.42e-01 +6.65e-03 +5.12e-02
+2.160000e+05 +9.45e-01 +6.88e-03 +4.85e-02
+2.150000e+05 +9.47e-01 +7.11e-03 +4.59e-02
+2.140000e+05 +9.49e-01 +7.34e-03 +4.34e-02
+2.130000e+05 +9.51e-01 +7.57e-03 +4.10e-02
+2.120000e+05 +9.54e-01 +7.80e-03 +3.87e-02
+2.110000e+05 +9.56e-01 +8.04e-03 +3.64e-02
+2.100000e+05 +9.57e-01 +8.27e-03 +3.43e-02
+2.090000e+05 +9.59e-01 +8.51e-03 +3.23e-02
+2.080000e+05 +9.61e-01 +8.75e-03 +3.03e-02
+2.070000e+05 +9.63e-01 +8.99e-03 +2.84e-02
+2.060000e+05 +9.64e-01 +9.24e-03 +2.67e-02
+2.050000e+05 +9.65e-01 +9.49e-03 +2.50e-02
+2.040000e+05 +9.67e-01 +9.74e-03 +2.35e-02
+2.030000e+05 +9.68e-01 +1.00e-02 +2.21e-02
+2.020000e+05 +9.69e-01 +1.03e-02 +2.08e-02
+2.010000e+05 +9.70e-01 +1.05e-02 +1.96e-02
+2.000000e+05 +9.71e-01 +1.08e-02 +1.84e-02
+1.990000e+05 +9.72e-01 +1.10e-02 +1.72e-02
+1.980000e+05 +9.73e-01 +1.12e-02 +1.61e-02
+1.970000e+05 +9.73e-01 +1.15e-02 +1.51e-02
+1.960000e+05 +9.74e-01 +1.17e-02 +1.41e-02
+1.950000e+05 +9.75e-01 +1.19e-02 +1.31e-02
+1.940000e+05 +9.76e-01 +1.21e-02 +1.23e-02
+1.930000e+05 +9.76e-01 +1.23e-02 +1.14e-02
+1.920000e+05 +9.77e-01 +1.24e-02 +1.06e-02
+1.910000e+05 +9.78e-01 +1.26e-02 +9.87e-03
+1.900000e+05 +9.78e-01 +1.28e-02 +9.18e-03
+1.890000e+05 +9.79e-01 +1.29e-02 +8.55e-03
+1.880000e+05 +9.79e-01 +1.31e-02 +7.95e-03
+1.870000e+05 +9.79e-01 +1.32e-02 +7.40e-03
+1.860000e+05 +9.80e-01 +1.33e-02 +6.89e-03
+1.850000e+05 +9.80e-01 +1.34e-02 +6.40e-03
+1.840000e+05 +9.81e-01 +1.35e-02 +5.95e-03
+1.830000e+05 +9.81e-01 +1.36e-02 +5.52e-03
+1.820000e+05 +9.81e-01 +1.37e-02 +5.12e-03
+1.810000e+05 +9.81e-01 +1.38e-02 +4.75e-03
+1.800000e+05 +9.82e-01 +1.38e-02 +4.41e-03
+1.790000e+05 +9.82e-01 +1.39e-02 +4.10e-03
+1.780000e+05 +9.82e-01 +1.39e-02 +3.80e-03
+1.770000e+05 +9.83e-01 +1.39e-02 +3.52e-03
+1.760000e+05 +9.83e-01 +1.39e-02 +3.27e-03
+1.750000e+05 +9.83e-01 +1.39e-02 +3.04e-03
+1.740000e+05 +9.83e-01 +1.39e-02 +2.83e-03
+1.730000e+05 +9.83e-01 +1.40e-02 +2.64e-03
+1.720000e+05 +9.84e-01 +1.40e-02 +2.46e-03
+1.710000e+05 +9.84e-01 +1.40e-02 +2.29e-03
+1.700000e+05 +9.84e-01 +1.40e-02 +2.13e-03
+1.690000e+05 +9.84e-01 +1.40e-02 +1.98e-03
+1.680000e+05 +9.84e-01 +1.39e-02 +1.84e-03
+1.670000e+05 +9.84e-01 +1.38e-02 +1.71e-03
+1.660000e+05 +9.85e-01 +1.37e-02 +1.58e-03
+1.650000e+05 +9.85e-01 +1.36e-02 +1.47e-03
+1.640000e+05 +9.85e-01 +1.35e-02 +1.37e-03
+1.630000e+05 +9.85e-01 +1.34e-02 +1.27e-03
+1.620000e+05 +9.86e-01 +1.32e-02 +1.18e-03
+1.610000e+05 +9.86e-01 +1.31e-02 +1.10e-03
+1.600000e+05 +9.86e-01 +1.29e-02 +1.02e-03
+1.590000e+05 +9.86e-01 +1.27e-02 +9.42e-04
+1.580000e+05 +9.87e-01 +1.25e-02 +8.72e-04
+1.570000e+05 +9.87e-01 +1.22e-02 +8.07e-04
+1.560000e+05 +9.87e-01 +1.20e-02 +7.46e-04
+1.550000e+05 +9.88e-01 +1.17e-02 +6.89e-04
+1.540000e+05 +9.88e-01 +1.14e-02 +6.36e-04
+1.530000e+05 +9.88e-01 +1.11e-02 +5.86e-04
+1.520000e+05 +9.89e-01 +1.08e-02 +5.39e-04
+1.510000e+05 +9.89e-01 +1.05e-02 +4.97e-04
+1.500000e+05 +9.89e-01 +1.02e-02 +4.57e-04
+1.490000e+05 +9.90e-01 +9.94e-03 +4.21e-04
+1.480000e+05 +9.90e-01 +9.64e-03 +3.88e-04
+1.470000e+05 +9.90e-01 +9.33e-03 +3.57e-04
+1.460000e+05 +9.91e-01 +9.02e-03 +3.28e-04
+1.450000e+05 +9.91e-01 +8.70e-03 +3.01e-04
+1.440000e+05 +9.91e-01 +8.37e-03 +2.76e-04
+1.430000e+05 +9.92e-01 +8.03e-03 +2.52e-04
+1.420000e+05 +9.92e-01 +7.69e-03 +2.30e-04
+1.410000e+05 +9.92e-01 +7.36e-03 +2.10e-04
+1.400000e+05 +9.93e-01 +7.05e-03 +1.92e-04
+1.390000e+05 +9.93e-01 +6.75e-03 +1.75e-04
+1.380000e+05 +9.93e-01 +6.44e-03 +1.60e-04
+1.370000e+05 +9.94e-01 +6.15e-03 +1.46e-04
+1.360000e+05 +9.94e-01 +5.86e-03 +1.34e-04
+1.350000e+05 +9.94e-01 +5.58e-03 +1.22e-04
+1.340000e+05 +9.95e-01 +5.29e-03 +1.11e-04
+1.330000e+05 +9.95e-01 +4.99e-03 +9.99e-05
+1.320000e+05 +9.95e-01 +4.70e-03 +8.99e-05
+1.310000e+05 +9.95e-01 +4.44e-03 +8.12e-05
+1.300000e+05 +9.96e-01 +4.22e-03 +7.41e-05
+1.290000e+05 +9.96e-01 +4.02e-03 +6.77e-05
+1.280000e+05 +9.96e-01 +3.81e-03 +6.13e-05
+1.270000e+05 +9.96e-01 +3.58e-03 +5.51e-05
+1.260000e+05 +9.97e-01 +3.35e-03 +4.93e-05
+1.250000e+05 +9.97e-01 +3.10e-03 +4.40e-05
+1.240000e+05 +9.97e-01 +2.88e-03 +3.94e-05
+1.230000e+05 +9.97e-01 +2.77e-03 +3.56e-05
+1.220000e+05 +9.97e-01 +2.53e-03 +3.23e-05
+1.210000e+05 +9.98e-01 +2.37e-03 +2.92e-05
+1.200000e+05 +9.98e-01 +2.18e-03 +2.65e-05
+1.190000e+05 +9.98e-01 +1.98e-03 +2.39e-05
+1.180000e+05 +9.98e-01 +1.78e-03 +2.14e-05
+1.170000e+05 +9.98e-01 +1.58e-03 +1.91e-05
+1.160000e+05 +9.99e-01 +1.39e-03 +1.70e-05
+1.150000e+05 +9.99e-01 +1.22e-03 +1.52e-05
+1.140000e+05 +9.99e-01 +1.07e-03 +1.36e-05
+1.130000e+05 +9.99e-01 +9.36e-04 +1.21e-05
+1.120000e+05 +9.99e-01 +8.19e-04 +1.06e-05
+1.110000e+05 +9.99e-01 +7.09e-04 +9.23e-06
+1.100000e+05 +9.99e-01 +5.98e-04 +8.15e-06
+1.090000e+05 +9.99e-01 +4.93e-04 +7.29e-06
+1.080000e+05 +9.99e-01 +4.00e-04 +6.45e-06
+1.070000e+05 +9.99e-01 +3.18e-04 +5.64e-06
+1.060000e+05 +9.99e-01 +2.46e-04 +4.89e-06
+1.050000e+05 +9.99e-01 +1.83e-04 +4.29e-06
+1.040000e+05 +9.99e-01 +1.31e-04 +3.74e-06
+1.030000e+05 +9.99e-01 +9.11e-05 +3.14e-06
+1.020000e+05 +9.99e-01 +6.11e-05 +2.57e-06
+1.010000e+05 +9.99e-01 +3.91e-05 +2.14e-06
+1.000000e+05 +9.99e-01 +2.36e-05 +2.03e-06
