z         (m) x         O2+ x        CO2+ x          O+
+4.000000e+05 +4.528918e-01 +1.046182e-02 +5.366463e-01
+3.990000e+05 +4.536311e-01 +1.055805e-02 +5.358108e-01
+3.980000e+05 +4.543704e-01 +1.065514e-02 +5.349744e-01
+3.970000e+05 +4.551097e-01 +1.075309e-02 +5.341372e-01
+3.960000e+05 +4.558489e-01 +1.085191e-02 +5.332992e-01
+3.950000e+05 +4.565881e-01 +1.095161e-02 +5.324603e-01
+3.940000e+05 +4.573272e-01 +1.105220e-02 +5.316206e-01
+3.930000e+05 +4.580664e-01 +1.115369e-02 +5.307799e-01
+3.920000e+05 +4.588055e-01 +1.125607e-02 +5.299384e-01
+3.910000e+05 +4.595446e-01 +1.135937e-02 +5.290960e-01
+3.900000e+05 +4.602838e-01 +1.146358e-02 +5.282526e-01
+3.890000e+05 +4.610229e-01 +1.156872e-02 +5.274084e-01
+3.880000e+05 +4.617621e-01 +1.167480e-02 +5.265632e-01
+3.870000e+05 +4.625012e-01 +1.178181e-02 +5.257170e-01
+3.860000e+05 +4.632404e-01 +1.188978e-02 +5.248698e-01
+3.850000e+05 +4.639797e-01 +1.199871e-02 +5.240216e-01
+3.840000e+05 +4.647190e-01 +1.210861e-02 +5.231724e-01
+3.830000e+05 +4.654583e-01 +1.221949e-02 +5.223222e-01
+3.820000e+05 +4.661978e-01 +1.233135e-02 +5.214709e-01
+3.810000e+05 +4.669373e-01 +1.244421e-02 +5.206185e-01
+3.800000e+05 +4.676769e-01 +1.255807e-02 +5.197650e-01
+3.790000e+05 +4.684166e-01 +1.267295e-02 +5.189104e-01
+3.780000e+05 +4.691565e-01 +1.278885e-02 +5.180546e-01
+3.770000e+05 +4.698965e-01 +1.290578e-02 +5.171977e-01
+3.760000e+05 +4.706367e-01 +1.302375e-02 +5.163395e-01
+3.750000e+05 +4.713771e-01 +1.314278e-02 +5.154802e-01
+3.740000e+05 +4.721176e-01 +1.326286e-02 +5.146195e-01
+3.730000e+05 +4.728584e-01 +1.338402e-02 +5.137576e-01
+3.720000e+05 +4.735994e-01 +1.350625e-02 +5.128943e-01
+3.710000e+05 +4.743407e-01 +1.362958e-02 +5.120297e-01
+3.700000e+05 +4.750823e-01 +1.375401e-02 +5.111636e-01
+3.690000e+05 +4.758243e-01 +1.387955e-02 +5.102962e-01
+3.680000e+05 +4.765665e-01 +1.400622e-02 +5.094273e-01
+3.670000e+05 +4.773091e-01 +1.413402e-02 +5.085569e-01
+3.660000e+05 +4.780522e-01 +1.426296e-02 +5.076849e-01
+3.650000e+05 +4.787956e-01 +1.439305e-02 +5.068113e-01
+3.640000e+05 +4.795396e-01 +1.452432e-02 +5.059361e-01
+3.630000e+05 +4.802840e-01 +1.465676e-02 +5.050592e-01
+3.620000e+05 +4.810290e-01 +1.479039e-02 +5.041806e-01
+3.610000e+05 +4.817745e-01 +1.492522e-02 +5.033003e-01
+3.600000e+05 +4.825207e-01 +1.506126e-02 +5.024180e-01
+3.590000e+05 +4.832675e-01 +1.519853e-02 +5.015339e-01
+3.580000e+05 +4.840151e-01 +1.533704e-02 +5.006479e-01
+3.570000e+05 +4.847634e-01 +1.547680e-02 +4.997598e-01
+3.560000e+05 +4.855125e-01 +1.561782e-02 +4.988697e-01
+3.550000e+05 +4.862624e-01 +1.576011e-02 +4.979775e-01
+3.540000e+05 +4.870132e-01 +1.590370e-02 +4.970831e-01
+3.530000e+05 +4.877651e-01 +1.604858e-02 +4.961864e-01
+3.520000e+05 +4.885179e-01 +1.619479e-02 +4.952873e-01
+3.510000e+05 +4.892718e-01 +1.634232e-02 +4.943859e-01
+3.500000e+05 +4.900269e-01 +1.649120e-02 +4.934819e-01
+3.490000e+05 +4.907831e-01 +1.664144e-02 +4.925754e-01
+3.480000e+05 +4.915407e-01 +1.679305e-02 +4.916662e-01
+3.470000e+05 +4.922996e-01 +1.694605e-02 +4.907543e-01
+3.460000e+05 +4.930600e-01 +1.710046e-02 +4.898396e-01
+3.450000e+05 +4.938218e-01 +1.725629e-02 +4.889219e-01
+3.440000e+05 +4.945853e-01 +1.741355e-02 +4.880011e-01
+3.430000e+05 +4.953505e-01 +1.757226e-02 +4.870773e-01
+3.420000e+05 +4.961174e-01 +1.773245e-02 +4.861501e-01
+3.410000e+05 +4.968862e-01 +1.789412e-02 +4.852197e-01
+3.400000e+05 +4.976570e-01 +1.805729e-02 +4.842857e-01
+3.390000e+05 +4.984299e-01 +1.822199e-02 +4.833481e-01
+3.380000e+05 +4.992049e-01 +1.838823e-02 +4.824069e-01
+3.370000e+05 +4.999823e-01 +1.855603e-02 +4.814617e-01
+3.360000e+05 +5.007620e-01 +1.872541e-02 +4.805126e-01
+3.350000e+05 +5.015444e-01 +1.889638e-02 +4.795593e-01
+3.340000e+05 +5.023293e-01 +1.906897e-02 +4.786017e-01
+3.330000e+05 +5.031171e-01 +1.924321e-02 +4.776397e-01
+3.320000e+05 +5.039079e-01 +1.941910e-02 +4.766730e-01
+3.310000e+05 +5.047017e-01 +1.959667e-02 +4.757016e-01
+3.300000e+05 +5.054988e-01 +1.977595e-02 +4.747252e-01
+3.290000e+05 +5.062993e-01 +1.995696e-02 +4.737437e-01
+3.280000e+05 +5.071033e-01 +2.013972e-02 +4.727569e-01
+3.270000e+05 +5.079111e-01 +2.032426e-02 +4.717646e-01
+3.260000e+05 +5.087229e-01 +2.051059e-02 +4.707666e-01
+3.250000e+05 +5.095387e-01 +2.069875e-02 +4.697626e-01
+3.240000e+05 +5.103588e-01 +2.088877e-02 +4.687524e-01
+3.230000e+05 +5.111834e-01 +2.108066e-02 +4.677359e-01
+3.220000e+05 +5.120128e-01 +2.127446e-02 +4.667127e-01
+3.210000e+05 +5.128471e-01 +2.147020e-02 +4.656827e-01
+3.200000e+05 +5.136865e-01 +2.166791e-02 +4.646456e-01
+3.190000e+05 +5.145314e-01 +2.186761e-02 +4.636010e-01
+3.180000e+05 +5.153819e-01 +2.206934e-02 +4.625488e-01
+3.170000e+05 +5.162383e-01 +2.227313e-02 +4.614886e-01
+3.160000e+05 +5.171009e-01 +2.247901e-02 +4.604201e-01
+3.150000e+05 +5.179700e-01 +2.268702e-02 +4.593430e-01
+3.140000e+05 +5.188458e-01 +2.289720e-02 +4.582570e-01
+3.130000e+05 +5.197286e-01 +2.310958e-02 +4.571618e-01
+3.120000e+05 +5.206189e-01 +2.332419e-02 +4.560570e-01
+3.110000e+05 +5.215168e-01 +2.354109e-02 +4.549421e-01
+3.100000e+05 +5.224227e-01 +2.376030e-02 +4.538170e-01
+3.090000e+05 +5.233371e-01 +2.398188e-02 +4.526811e-01
+3.080000e+05 +5.242602e-01 +2.420586e-02 +4.515340e-01
+3.070000e+05 +5.251924e-01 +2.443229e-02 +4.503753e-01
+3.060000e+05 +5.261341e-01 +2.466122e-02 +4.492046e-01
+3.050000e+05 +5.270859e-01 +2.489269e-02 +4.480214e-01
+3.040000e+05 +5.280480e-01 +2.512675e-02 +4.468253e-01
+3.030000e+05 +5.290209e-01 +2.536346e-02 +4.456157e-01
+3.020000e+05 +5.300051e-01 +2.560287e-02 +4.443920e-01
+3.010000e+05 +5.310011e-01 +2.584504e-02 +4.431539e-01
+3.000000e+05 +5.320093e-01 +2.609001e-02 +4.419007e-01
+2.990000e+05 +5.330303e-01 +2.633786e-02 +4.406318e-01
+2.980000e+05 +5.340647e-01 +2.658864e-02 +4.393467e-01
+2.970000e+05 +5.351130e-01 +2.684241e-02 +4.380446e-01
+2.960000e+05 +5.361757e-01 +2.709925e-02 +4.367251e-01
+2.950000e+05 +5.372535e-01 +2.735922e-02 +4.353873e-01
+2.940000e+05 +5.383470e-01 +2.762240e-02 +4.340306e-01
+2.930000e+05 +5.394568e-01 +2.788885e-02 +4.326543e-01
+2.920000e+05 +5.405837e-01 +2.815866e-02 +4.312576e-01
+2.910000e+05 +5.417283e-01 +2.843190e-02 +4.298398e-01
+2.900000e+05 +5.428913e-01 +2.870865e-02 +4.284000e-01
+2.890000e+05 +5.440736e-01 +2.898901e-02 +4.269374e-01
+2.880000e+05 +5.452758e-01 +2.927306e-02 +4.254511e-01
+2.870000e+05 +5.464988e-01 +2.956089e-02 +4.239403e-01
+2.860000e+05 +5.477435e-01 +2.985260e-02 +4.224039e-01
+2.850000e+05 +5.490106e-01 +3.014830e-02 +4.208411e-01
+2.840000e+05 +5.503012e-01 +3.044807e-02 +4.192508e-01
+2.830000e+05 +5.516160e-01 +3.075204e-02 +4.176319e-01
+2.820000e+05 +5.529561e-01 +3.106031e-02 +4.159835e-01
+2.810000e+05 +5.543226e-01 +3.137300e-02 +4.143044e-01
+2.800000e+05 +5.557163e-01 +3.169023e-02 +4.125935e-01
+2.790000e+05 +5.571384e-01 +3.201212e-02 +4.108495e-01
+2.780000e+05 +5.585900e-01 +3.233881e-02 +4.090712e-01
+2.770000e+05 +5.600722e-01 +3.267043e-02 +4.072574e-01
+2.760000e+05 +5.615862e-01 +3.300711e-02 +4.054067e-01
+2.750000e+05 +5.631332e-01 +3.334901e-02 +4.035178e-01
+2.740000e+05 +5.647145e-01 +3.369628e-02 +4.015893e-01
+2.730000e+05 +5.663313e-01 +3.404907e-02 +3.996196e-01
+2.720000e+05 +5.679850e-01 +3.440754e-02 +3.976075e-01
+2.710000e+05 +5.696770e-01 +3.477187e-02 +3.955512e-01
+2.700000e+05 +5.714086e-01 +3.514222e-02 +3.934491e-01
+2.690000e+05 +5.731814e-01 +3.551878e-02 +3.912998e-01
+2.680000e+05 +5.749969e-01 +3.590174e-02 +3.891014e-01
+2.670000e+05 +5.768565e-01 +3.629128e-02 +3.868522e-01
+2.660000e+05 +5.787618e-01 +3.668762e-02 +3.845505e-01
+2.650000e+05 +5.807146e-01 +3.709097e-02 +3.821945e-01
+2.640000e+05 +5.827164e-01 +3.750152e-02 +3.797821e-01
+2.630000e+05 +5.847689e-01 +3.791952e-02 +3.773115e-01
+2.620000e+05 +5.868740e-01 +3.834518e-02 +3.747808e-01
+2.610000e+05 +5.890333e-01 +3.877876e-02 +3.721879e-01
+2.600000e+05 +5.912488e-01 +3.922049e-02 +3.695307e-01
+2.590000e+05 +5.935222e-01 +3.967062e-02 +3.668072e-01
+2.580000e+05 +5.958555e-01 +4.012943e-02 +3.640151e-01
+2.570000e+05 +5.982505e-01 +4.059718e-02 +3.611523e-01
+2.560000e+05 +6.007093e-01 +4.107414e-02 +3.582166e-01
+2.550000e+05 +6.032338e-01 +4.156060e-02 +3.552056e-01
+2.540000e+05 +6.058260e-01 +4.205686e-02 +3.521171e-01
+2.530000e+05 +6.084879e-01 +4.256322e-02 +3.489489e-01
+2.520000e+05 +6.112216e-01 +4.307997e-02 +3.456984e-01
+2.510000e+05 +6.140290e-01 +4.360745e-02 +3.423635e-01
+2.500000e+05 +6.169123e-01 +4.414596e-02 +3.389417e-01
+2.490000e+05 +6.198734e-01 +4.469584e-02 +3.354308e-01
+2.480000e+05 +6.229144e-01 +4.525742e-02 +3.318282e-01
+2.470000e+05 +6.260371e-01 +4.583104e-02 +3.281318e-01
+2.460000e+05 +6.292437e-01 +4.641704e-02 +3.243393e-01
+2.450000e+05 +6.325359e-01 +4.701578e-02 +3.204483e-01
+2.440000e+05 +6.359156e-01 +4.762758e-02 +3.164568e-01
+2.430000e+05 +6.393846e-01 +4.825282e-02 +3.123626e-01
+2.420000e+05 +6.429446e-01 +4.889184e-02 +3.081636e-01
+2.410000e+05 +6.465971e-01 +4.954499e-02 +3.038579e-01
+2.400000e+05 +6.503436e-01 +5.021262e-02 +2.994438e-01
+2.390000e+05 +6.541853e-01 +5.089507e-02 +2.949196e-01
+2.380000e+05 +6.581235e-01 +5.159268e-02 +2.902838e-01
+2.370000e+05 +6.621591e-01 +5.230577e-02 +2.855352e-01
+2.360000e+05 +6.662928e-01 +5.303466e-02 +2.806726e-01
+2.350000e+05 +6.705251e-01 +5.377965e-02 +2.756953e-01
+2.340000e+05 +6.748563e-01 +5.454103e-02 +2.706027e-01
+2.330000e+05 +6.792863e-01 +5.531906e-02 +2.653947e-01
+2.320000e+05 +6.838147e-01 +5.611399e-02 +2.600713e-01
+2.310000e+05 +6.884408e-01 +5.692602e-02 +2.546332e-01
+2.300000e+05 +6.931634e-01 +5.775533e-02 +2.490812e-01
+2.290000e+05 +6.979810e-01 +5.860209e-02 +2.434169e-01
+2.280000e+05 +7.028915e-01 +5.946638e-02 +2.376421e-01
+2.270000e+05 +7.078924e-01 +6.034827e-02 +2.317593e-01
+2.260000e+05 +7.129807e-01 +6.124777e-02 +2.257716e-01
+2.250000e+05 +7.181525e-01 +6.216484e-02 +2.196826e-01
+2.240000e+05 +7.234038e-01 +6.309937e-02 +2.134969e-01
+2.230000e+05 +7.287295e-01 +6.405118e-02 +2.072193e-01
+2.220000e+05 +7.341241e-01 +6.502005e-02 +2.008558e-01
+2.210000e+05 +7.395813e-01 +6.600564e-02 +1.944130e-01
+2.200000e+05 +7.450941e-01 +6.700757e-02 +1.878983e-01
+2.190000e+05 +7.506547e-01 +6.802534e-02 +1.813199e-01
+2.180000e+05 +7.562546e-01 +6.905837e-02 +1.746870e-01
+2.170000e+05 +7.618845e-01 +7.010601e-02 +1.680095e-01
+2.160000e+05 +7.675344e-01 +7.116747e-02 +1.612981e-01
+2.150000e+05 +7.731934e-01 +7.224191e-02 +1.545647e-01
+2.140000e+05 +7.788501e-01 +7.332834e-02 +1.478216e-01
+2.130000e+05 +7.844922e-01 +7.442570e-02 +1.410821e-01
+2.120000e+05 +7.901069e-01 +7.553283e-02 +1.343603e-01
+2.110000e+05 +7.956807e-01 +7.664846e-02 +1.276708e-01
+2.100000e+05 +8.011999e-01 +7.777124e-02 +1.210288e-01
+2.090000e+05 +8.066501e-01 +7.889972e-02 +1.144502e-01
+2.080000e+05 +8.120166e-01 +8.003240e-02 +1.079510e-01
+2.070000e+05 +8.172848e-01 +8.116768e-02 +1.015475e-01
+2.060000e+05 +8.224398e-01 +8.230392e-02 +9.525626e-02
+2.050000e+05 +8.274670e-01 +8.343943e-02 +8.909358e-02
+2.040000e+05 +8.323519e-01 +8.457251e-02 +8.307562e-02
+2.030000e+05 +8.370805e-01 +8.570142e-02 +7.721805e-02
+2.020000e+05 +8.416396e-01 +8.682444e-02 +7.153597e-02
+2.010000e+05 +8.460165e-01 +8.793989e-02 +6.604366e-02
+2.000000e+05 +8.501995e-01 +8.904611e-02 +6.075438e-02
+1.990000e+05 +8.541782e-01 +9.014152e-02 +5.568024e-02
+1.980000e+05 +8.579434e-01 +9.122461e-02 +5.083199e-02
+1.970000e+05 +8.614872e-01 +9.229400e-02 +4.621884e-02
+1.960000e+05 +8.648032e-01 +9.334841e-02 +4.184840e-02
+1.950000e+05 +8.678868e-01 +9.438669e-02 +3.772646e-02
+1.940000e+05 +8.707351e-01 +9.540786e-02 +3.385700e-02
+1.930000e+05 +8.733468e-01 +9.641107e-02 +3.024208e-02
+1.920000e+05 +8.757225e-01 +9.739568e-02 +2.688182e-02
+1.910000e+05 +8.778644e-01 +9.836118e-02 +2.377446e-02
+1.900000e+05 +8.797764e-01 +9.930727e-02 +2.091633e-02
+1.890000e+05 +8.814642e-01 +1.002338e-01 +1.830202e-02
+1.880000e+05 +8.829349e-01 +1.011407e-01 +1.592441e-02
+1.870000e+05 +8.841968e-01 +1.020283e-01 +1.377489e-02
+1.860000e+05 +8.852597e-01 +1.028968e-01 +1.184347e-02
+1.850000e+05 +8.861343e-01 +1.037466e-01 +1.011902e-02
+1.840000e+05 +8.868322e-01 +1.045784e-01 +8.589448e-03
+1.830000e+05 +8.873655e-01 +1.053926e-01 +7.241912e-03
+1.820000e+05 +8.877469e-01 +1.061900e-01 +6.063069e-03
+1.810000e+05 +8.879894e-01 +1.069713e-01 +5.039278e-03
+1.800000e+05 +8.881060e-01 +1.077372e-01 +4.156818e-03
+1.790000e+05 +8.881094e-01 +1.084885e-01 +3.402088e-03
+1.780000e+05 +8.880124e-01 +1.092258e-01 +2.761797e-03
+1.770000e+05 +8.878271e-01 +1.099498e-01 +2.223122e-03
+1.760000e+05 +8.875651e-01 +1.106610e-01 +1.773853e-03
+1.750000e+05 +8.872376e-01 +1.113599e-01 +1.402513e-03
+1.740000e+05 +8.868547e-01 +1.120469e-01 +1.098437e-03
+1.730000e+05 +8.864260e-01 +1.127222e-01 +8.518446e-04
+1.720000e+05 +8.859602e-01 +1.133859e-01 +6.538733e-04
+1.710000e+05 +8.854654e-01 +1.140380e-01 +4.965899e-04
+1.700000e+05 +8.849486e-01 +1.146784e-01 +3.729828e-04
+1.690000e+05 +8.844163e-01 +1.153068e-01 +2.769325e-04
+1.680000e+05 +8.838742e-01 +1.159226e-01 +2.031666e-04
+1.670000e+05 +8.833274e-01 +1.165254e-01 +1.472023e-04
+1.660000e+05 +8.827803e-01 +1.171144e-01 +1.052792e-04
+1.650000e+05 +8.822370e-01 +1.176887e-01 +7.428627e-05
+1.640000e+05 +8.817010e-01 +1.182473e-01 +5.168631e-05
+1.630000e+05 +8.811754e-01 +1.187891e-01 +3.544023e-05
+1.620000e+05 +8.806633e-01 +1.193128e-01 +2.393395e-05
+1.610000e+05 +8.801672e-01 +1.198169e-01 +1.590966e-05
+1.600000e+05 +8.796896e-01 +1.203000e-01 +1.040297e-05
+1.590000e+05 +8.792330e-01 +1.207603e-01 +6.686724e-06
+1.580000e+05 +8.787996e-01 +1.211962e-01 +4.222081e-06
+1.570000e+05 +8.783917e-01 +1.216057e-01 +2.616870e-06
+1.560000e+05 +8.780117e-01 +1.219867e-01 +1.590936e-06
+1.550000e+05 +8.776618e-01 +1.223372e-01 +9.479762e-07
+1.540000e+05 +8.773446e-01 +1.226548e-01 +5.531734e-07
+1.530000e+05 +8.770625e-01 +1.229372e-01 +3.158458e-07
+1.520000e+05 +8.768180e-01 +1.231818e-01 +1.763009e-07
+1.510000e+05 +8.766140e-01 +1.233859e-01 +9.611690e-08
+1.500000e+05 +8.764531e-01 +1.235468e-01 +5.113219e-08
+1.490000e+05 +8.763384e-01 +1.236615e-01 +2.651584e-08
+1.480000e+05 +8.762730e-01 +1.237270e-01 +1.339004e-08
+1.470000e+05 +8.762600e-01 +1.237400e-01 +6.577402e-09
+1.460000e+05 +8.763027e-01 +1.236973e-01 +3.139316e-09
+1.450000e+05 +8.764047e-01 +1.235953e-01 +1.454171e-09
+1.440000e+05 +8.765695e-01 +1.234305e-01 +6.529303e-10
+1.430000e+05 +8.768009e-01 +1.231991e-01 +2.838171e-10
+1.420000e+05 +8.771027e-01 +1.228973e-01 +1.192773e-10
+1.410000e+05 +8.774788e-01 +1.225212e-01 +4.839812e-11
+1.400000e+05 +8.779333e-01 +1.220667e-01 +1.893346e-11
+1.390000e+05 +8.784704e-01 +1.215296e-01 +7.130437e-12
+1.380000e+05 +8.790942e-01 +1.209058e-01 +2.581160e-12
+1.370000e+05 +8.798090e-01 +1.201910e-01 +8.966577e-13
+1.360000e+05 +8.806192e-01 +1.193808e-01 +2.984166e-13
+1.350000e+05 +8.815289e-01 +1.184711e-01 +9.498303e-14
+1.340000e+05 +8.825426e-01 +1.174574e-01 +2.886068e-14
+1.330000e+05 +8.836645e-01 +1.163355e-01 +8.355713e-15
+1.320000e+05 +8.848986e-01 +1.151014e-01 +2.300498e-15
+1.310000e+05 +8.862489e-01 +1.137511e-01 +6.010794e-16
+1.300000e+05 +8.877193e-01 +1.122807e-01 +1.487261e-16
+1.290000e+05 +8.893132e-01 +1.106868e-01 +3.477151e-17
+1.280000e+05 +8.910339e-01 +1.089661e-01 +7.663679e-18
+1.270000e+05 +8.928843e-01 +1.071157e-01 +1.588487e-18
+1.260000e+05 +8.948666e-01 +1.051334e-01 +3.088693e-19
+1.250000e+05 +8.969828e-01 +1.030172e-01 +5.619251e-20
+1.240000e+05 +8.992340e-01 +1.007660e-01 +9.539283e-21
+1.230000e+05 +9.016207e-01 +9.837931e-02 +1.506814e-21
+1.220000e+05 +9.041425e-01 +9.585746e-02 +2.208170e-22
+1.210000e+05 +9.067982e-01 +9.320177e-02 +2.992983e-23
+1.200000e+05 +9.095855e-01 +9.041453e-02 +3.740163e-24
+1.190000e+05 +9.125008e-01 +8.749922e-02 +4.294867e-25
+1.180000e+05 +9.155395e-01 +8.446052e-02 +4.516283e-26
+1.170000e+05 +9.186955e-01 +8.130446e-02 +4.333339e-27
+1.160000e+05 +9.219615e-01 +7.803851e-02 +3.779617e-28
+1.150000e+05 +9.253284e-01 +7.467160e-02 +2.985132e-29
+1.140000e+05 +9.287858e-01 +7.121423e-02 +2.126216e-30
+1.130000e+05 +9.323215e-01 +6.767846e-02 +1.360018e-31
+1.120000e+05 +9.359221e-01 +6.407793e-02 +7.777962e-33
+1.110000e+05 +9.395722e-01 +6.042784e-02 +3.958974e-34
+1.100000e+05 +9.432552e-01 +5.674482e-02 +1.784951e-35
+1.090000e+05 +9.469531e-01 +5.304689e-02 +7.093216e-37
+1.080000e+05 +9.506468e-01 +4.935320e-02 +2.471679e-38
+1.070000e+05 +9.543161e-01 +4.568389e-02 +7.511744e-40
+1.060000e+05 +9.579403e-01 +4.205974e-02 +1.979986e-41
+1.050000e+05 +9.614981e-01 +3.850191e-02 +4.500184e-43
+1.040000e+05 +9.649685e-01 +3.503151e-02 +8.766326e-45
+1.030000e+05 +9.683308e-01 +3.166924e-02 +1.454420e-46
+1.020000e+05 +9.715651e-01 +2.843490e-02 +2.041750e-48
+1.010000e+05 +9.746530e-01 +2.534697e-02 +2.408775e-50
+1.000000e+05 +9.775779e-01 +2.242214e-02 +2.371331e-52
